28 -41
-78 -14
-78 -64
-45 87
-59 -80
54 45
-14 -18
58 -26
50 22
-63 -77
-62 -1
4 81
-12 -64
-83 -45
29 -42
25 19
-86 -19
11 -9
-5 28
-45 20
-97 -29
22 99
55 -39
47 87
-79 92
62 -26
29 -95
-77 91
-42 20
-52 -93
39 -30
-88 -34
59 40
43 -2
96 -7
83 27
45 -84
39 -76
-85 -52
64 -35
64 -97
-95 -63
14 -69
-81 -90
19 -81
-19 -96
-50 25
29 -65
62 5
-47 24
-77 -9
18 -27
-48 64
42 -2
-1 26
60 95
-90 -26
78 43
53 87
-59 41
12 78
-15 44
-90 39
3 -73
-17 -64
-93 64
68 -78
73 98
62 -84
-57 10
55 -76
-65 -96
-46 5
90 -10
-94 -40
57 -68
-40 -16
5 56
-95 70
-49 43
10 -24
38 68
56 74
-19 82
-58 27
26 -70
87 30
-93 -94
-37 88
-31 2
-90 53
3 -27
2 4
-41 13
59 -82
95 21
-27 33
-14 -86
-83 50
-9 16
